# Created by Octave 7.3.0, Wed Jan 11 23:42:31 2023 CET <marta@the-jungle>
# name: j
# type: matrix
# rows: 1
# columns: 2
 3 4


# name: exe
# type: matrix
# rows: 1
# columns: 2
 4.1608219146728516 18.268689870834351


# name: objs
# type: matrix
# rows: 1
# columns: 2
 82.937378542142824 27.865166749058787


# name: iters
# type: matrix
# rows: 1
# columns: 2
 29 102


