# Created by Octave 7.3.0, Sun Jan 08 22:07:44 2023 CET <marta@the-jungle>
# name: x_free
# type: matrix
# rows: 1001
# columns: 1
2.500000000000E+00
2.499999790996E+00
2.499996655944E+00
2.499983072245E+00
2.499946510935E+00
2.499869462682E+00
2.499729501888E+00
2.499499412419E+00
2.499147408614E+00
2.498637481630E+00
2.497929904665E+00
2.496981916475E+00
2.495748590665E+00
2.494183871302E+00
2.492241729685E+00
2.489877367669E+00
2.487048373445E+00
2.483715727817E+00
2.479844569557E+00
2.475404654464E+00
2.470370479896E+00
2.464721085615E+00
2.458439574699E+00
2.451512419345E+00
2.443928623921E+00
2.435678813719E+00
2.426754306465E+00
2.417146209132E+00
2.406844568710E+00
2.395837594457E+00
2.384110961961E+00
2.371647206028E+00
2.358425209585E+00
2.344419798544E+00
2.329601456882E+00
2.313936180925E+00
2.297385495512E+00
2.279906655837E+00
2.261453055714E+00
2.241974854238E+00
2.221419817735E+00
2.199734352938E+00
2.176864682964E+00
2.152758094197E+00
2.127364165187E+00
2.100635883835E+00
2.072530569727E+00
2.043010544471E+00
2.012043350694E+00
1.979598107473E+00
1.945660997670E+00
1.910209519593E+00
1.873241385148E+00
1.834744970976E+00
1.794716324983E+00
1.753161984993E+00
1.710085000435E+00
1.665496982182E+00
1.619407323770E+00
1.571827574569E+00
1.522765616818E+00
1.472224133226E+00
1.420196577828E+00
1.366663648888E+00
1.311589253456E+00
1.254916218456E+00
1.196561473431E+00
1.136410524381E+00
1.074311453958E+00
1.010070113031E+00
9.434517571446E-01
8.742012313870E-01
8.021006452459E-01
7.270719436104E-01
6.492824221688E-01
5.691667127343E-01
4.872972045016E-01
4.042428983589E-01
3.204678517980E-01
2.363392203884E-01
1.521108241419E-01
6.798741102964E-02
-1.586057001646E-02
-9.929107128866E-02
-1.821604465479E-01
-2.643187655185E-01
-3.456054481371E-01
-4.258510703836E-01
-5.048849484281E-01
-5.825457478593E-01
-6.586923027847E-01
-7.332119886302E-01
-8.060251003513E-01
-8.770851585098E-01
-9.463760480182E-01
-1.013907150892E+00
-1.079707439108E+00
-1.143819212176E+00
-1.206291900280E+00
-1.267176163180E+00
-1.326518386256E+00
-1.384355573548E+00
-1.440710551108E+00
-1.495587327505E+00
-1.548966427036E+00
-1.600800043839E+00
-1.651007023644E+00
-1.699468096536E+00
-1.746022670244E+00
-1.790470050777E+00
-1.832580078350E+00
-1.872119516296E+00
-1.908897453569E+00
-1.942821501758E+00
-1.973940410650E+00
-2.002445838881E+00
-2.028629539167E+00
-2.052820525204E+00
-2.075333193232E+00
-2.096438114442E+00
-2.116353148650E+00
-2.135246111770E+00
-2.153242055224E+00
-2.170431348376E+00
-2.186876950467E+00
-2.202620404531E+00
-2.217686608606E+00
-2.232087589761E+00
-2.245825523281E+00
-2.258895207527E+00
-2.271286157878E+00
-2.282984436215E+00
-2.293974289998E+00
-2.304239638109E+00
-2.313765410132E+00
-2.322538723147E+00
-2.330549867179E+00
-2.337793068408E+00
-2.344267007208E+00
-2.349975083074E+00
-2.354925434457E+00
-2.359130731961E+00
-2.362607779375E+00
-2.365377006289E+00
-2.367461840465E+00
-2.368888159299E+00
-2.369683381689E+00
-2.369876543948E+00
-2.369496013429E+00
-2.368572664583E+00
-2.367133707264E+00
-2.365206217369E+00
-2.362816512055E+00
-2.359989400493E+00
-2.356747997369E+00
-2.353113596617E+00
-2.349105601284E+00
-2.344741498254E+00
-2.340036866847E+00
-2.335005411482E+00
-2.329659008567E+00
-2.324007759212E+00
-2.318060039875E+00
-2.311822543957E+00
-2.305300307797E+00
-2.298496714804E+00
-2.291413471481E+00
-2.284050548930E+00
-2.276406082974E+00
-2.268476225534E+00
-2.260254939331E+00
-2.251733727538E+00
-2.242901290007E+00
-2.233743098557E+00
-2.224240886201E+00
-2.214372050216E+00
-2.204108978166E+00
-2.193418321280E+00
-2.182260263697E+00
-2.170587871071E+00
-2.158346649151E+00
-2.145474498905E+00
-2.131902308635E+00
-2.117555451775E+00
-2.102356424239E+00
-2.086228714738E+00
-2.069101732441E+00
-2.050916254081E+00
-2.031629335814E+00
-2.011215622275E+00
-1.989675846262E+00
-1.967033657575E+00
-1.943322588124E+00
-1.918596127292E+00
-1.892915630820E+00
-1.866340453343E+00
-1.838936207203E+00
-1.810758822868E+00
-1.781864877033E+00
-1.752298618157E+00
-1.722101780080E+00
-1.691304538242E+00
-1.659932495090E+00
-1.628000535250E+00
-1.595517475975E+00
-1.562482351046E+00
-1.528886379931E+00
-1.494711002370E+00
-1.459927985467E+00
-1.424498227038E+00
-1.388371138161E+00
-1.351484158349E+00
-1.313763427739E+00
-1.275127037571E+00
-1.235493567305E+00
-1.194799913020E+00
-1.153031616113E+00
-1.110260806169E+00
-1.066668326492E+00
-1.022513724872E+00
-9.780492365854E-01
-9.334349860086E-01
-8.886774911685E-01
-8.436744109442E-01
-7.982557577483E-01
-7.522292142017E-01
-7.054120662111E-01
-6.576502136648E-01
-6.088274056484E-01
-5.588677801389E-01
-5.077342503848E-01
-4.554243931443E-01
-4.019650521017E-01
-3.474065695981E-01
-2.918173272916E-01
-2.352795059447E-01
-1.778864509616E-01
-1.197422084263E-01
-6.096498161037E-02
-1.697264807301E-03
5.787066041962E-02
1.174240670063E-01
1.763568260288E-01
2.334036030020E-01
2.870003531737E-01
3.374856796036E-01
3.861641294883E-01
4.336932035294E-01
4.803070716000E-01
5.260790331664E-01
5.710141902888E-01
6.150891602086E-01
6.582606330814E-01
7.004782454563E-01
7.416879829095E-01
7.818413542927E-01
8.208960467505E-01
8.588235610532E-01
8.956132671785E-01
9.312771138323E-01
9.658536000832E-01
9.994100736740E-01
1.032042697400E+00
1.063872751985E+00
1.095037672603E+00
1.125674685319E+00
1.155894693013E+00
1.185745484078E+00
1.215169569558E+00
1.243976330389E+00
1.271857048058E+00
1.298486931345E+00
1.323621695798E+00
1.347179841856E+00
1.369210398705E+00
1.389842743349E+00
1.409235952297E+00
1.427548268609E+00
1.444923006121E+00
1.461484470829E+00
1.477338356299E+00
1.492573736715E+00
1.507265427919E+00
1.521476193059E+00
1.535258623565E+00
1.548656695404E+00
1.561707032646E+00
1.574439927168E+00
1.586880161406E+00
1.599047672385E+00
1.610958088265E+00
1.622623162068E+00
1.634051122221E+00
1.645246955873E+00
1.656212638462E+00
1.666947321535E+00
1.677447490286E+00
1.687707102457E+00
1.697717721272E+00
1.707468656519E+00
1.716947129990E+00
1.726138483299E+00
1.735026447934E+00
1.743593496863E+00
1.751821295909E+00
1.759691264868E+00
1.767185252236E+00
1.774286302749E+00
1.780979493673E+00
1.787252751235E+00
1.793097626317E+00
1.798509839734E+00
1.803489740044E+00
1.808042239427E+00
1.812176852174E+00
1.815906903497E+00
1.819249300681E+00
1.822223248663E+00
1.824849980723E+00
1.827151450555E+00
1.829150097360E+00
1.830867950477E+00
1.832326361209E+00
1.833545762343E+00
1.834545272232E+00
1.835342768329E+00
1.835954837519E+00
1.836396788493E+00
1.836682711065E+00
1.836825555143E+00
1.836837222581E+00
1.836728661155E+00
1.836509957114E+00
1.836190420948E+00
1.835778664748E+00
1.835282668925E+00
1.834709837697E+00
1.834067042611E+00
1.833360653986E+00
1.832596560123E+00
1.831780174301E+00
1.830916429548E+00
1.830009761159E+00
1.829064076891E+00
1.828082714694E+00
1.827068387790E+00
1.826023116843E+00
1.824948148896E+00
1.823843862708E+00
1.822709660024E+00
1.821543842271E+00
1.820343471996E+00
1.819104218224E+00
1.817820184603E+00
1.816483718807E+00
1.815085201028E+00
1.813612808521E+00
1.812052251864E+00
1.810386476889E+00
1.808595323762E+00
1.806655131465E+00
1.804538271463E+00
1.802212588359E+00
1.799640717271E+00
1.796779236602E+00
1.793577599765E+00
1.789976768320E+00
1.785907439265E+00
1.781287716715E+00
1.776020043802E+00
1.769988845966E+00
1.763050527041E+00
1.755028644353E+00
1.745704399795E+00
1.734797241956E+00
1.721946326570E+00
1.706678551935E+00
1.688367154757E+00
1.666183395845E+00
1.639059540548E+00
1.605728148164E+00
1.565006101547E+00
1.516428875620E+00
1.460822972683E+00
1.399962619172E+00
1.335592089284E+00
1.268892272982E+00
1.200507618072E+00
1.130755617579E+00
1.059788110609E+00
9.876934919864E-01
9.145494741103E-01
8.404495601675E-01
7.655326846337E-01
6.900011535179E-01
6.141434515282E-01
5.383538222515E-01
4.631317950390E-01
3.890410254415E-01
3.166225488914E-01
2.462958761743E-01
1.782865991689E-01
1.126229084110E-01
4.919753228538E-02
-1.218268530965E-02
