# Created by Octave 7.3.0, Sun Jan 08 22:07:44 2023 CET <marta@the-jungle>
# name: y_free
# type: matrix
# rows: 1001
# columns: 1
0.000000000000E+00
-4.810673168862E-04
-1.924269551410E-03
-4.329627044509E-03
-7.697198744539E-03
-1.202712519059E-02
-1.731969207542E-02
-2.357540022807E-02
-3.079505630276E-02
-3.897986686537E-02
-4.813153940864E-02
-5.825237648071E-02
-6.934535708389E-02
-8.141419288075E-02
-9.446335085674E-02
-1.084980347335E-01
-1.235241228432E-01
-1.395480650942E-01
-1.565767474241E-01
-1.746173361667E-01
-1.936771167161E-01
-2.137633401013E-01
-2.348830881347E-01
-2.570431635079E-01
-2.802500066700E-01
-3.045096373808E-01
-3.298276159569E-01
-3.562090175138E-01
-3.836584117647E-01
-4.121798408703E-01
-4.417767881277E-01
-4.724521307401E-01
-5.042080703709E-01
-5.370460356700E-01
-5.709665515060E-01
-6.059690704102E-01
-6.420517628901E-01
-6.792112649951E-01
-7.174423839303E-01
-7.567377656303E-01
-7.970875318298E-01
-8.384788978851E-01
-8.808957857650E-01
-9.243184485019E-01
-9.687231223865E-01
-1.014081721138E+00
-1.060361582715E+00
-1.107525275569E+00
-1.155530627034E+00
-1.204334152453E+00
-1.253876992507E+00
-1.304107974292E+00
-1.354957737751E+00
-1.406365393116E+00
-1.458263466599E+00
-1.510576129509E+00
-1.563231514172E+00
-1.616151479660E+00
-1.669260593531E+00
-1.722480663860E+00
-1.775732817096E+00
-1.828933897435E+00
-1.881993034711E+00
-1.934805300794E+00
-1.987243067694E+00
-2.039144091510E+00
-2.090295397096E+00
-2.140411496841E+00
-2.189105291421E+00
-2.235851302917E+00
-2.279946852010E+00
-2.320493440658E+00
-2.356450488475E+00
-2.386827921269E+00
-2.410995969290E+00
-2.428922447908E+00
-2.441121654660E+00
-2.448378255894E+00
-2.451481521921E+00
-2.451107251724E+00
-2.447762848705E+00
-2.441822329907E+00
-2.433543743548E+00
-2.423090318418E+00
-2.410560256797E+00
-2.396008358196E+00
-2.379468171284E+00
-2.360972463382E+00
-2.340570089446E+00
-2.318336973670E+00
-2.294380121182E+00
-2.268835348481E+00
-2.241860811392E+00
-2.213628775025E+00
-2.184317506837E+00
-2.154104285854E+00
-2.123159807603E+00
-2.091643866473E+00
-2.059702068716E+00
-2.027463334681E+00
-1.995037980474E+00
-1.962516185357E+00
-1.929966647767E+00
-1.897435219870E+00
-1.864943302766E+00
-1.832485800820E+00
-1.800028510311E+00
-1.767505040259E+00
-1.734813895215E+00
-1.701817397722E+00
-1.668345777216E+00
-1.634211365262E+00
-1.599237030253E+00
-1.563296316960E+00
-1.526350872870E+00
-1.488464433831E+00
-1.449784731919E+00
-1.410505468874E+00
-1.370828904245E+00
-1.330941064240E+00
-1.291000471581E+00
-1.251135986167E+00
-1.211449210916E+00
-1.172018544294E+00
-1.132903411856E+00
-1.094148078011E+00
-1.055784884988E+00
-1.017836956445E+00
-9.803204629546E-01
-9.432465523464E-01
-9.066230309583E-01
-8.704558566401E-01
-8.347504778350E-01
-7.995130281714E-01
-7.647513652457E-01
-7.304759279902E-01
-6.967003812867E-01
-6.634420201372E-01
-6.307219176847E-01
-5.985648180640E-01
-5.669987903676E-01
-5.360546685510E-01
-5.057653333645E-01
-4.761649712761E-01
-4.472882301262E-01
-4.191696173879E-01
-3.918423702426E-01
-3.653389726810E-01
-3.396881414803E-01
-3.149197774628E-01
-2.910567875113E-01
-2.681207052965E-01
-2.461310214888E-01
-2.251046108049E-01
-2.050558996002E-01
-1.859970757872E-01
-1.679383357796E-01
-1.508881467742E-01
-1.348535145108E-01
-1.198402456700E-01
-1.058531992091E-01
-9.289652237625E-02
-8.097386992859E-02
-7.008860645342E-02
-6.024399326723E-02
-5.144336235304E-02
-4.369028077582E-02
-3.698870979177E-02
-3.134316366309E-02
-2.675887397480E-02
-2.324196609752E-02
-2.079965531992E-02
-1.944047104038E-02
-1.917451810392E-02
-2.001378461687E-02
-2.197250486277E-02
-2.506758345915E-02
-2.931908137488E-02
-3.475075409168E-02
-4.139061480593E-02
-4.927146889673E-02
-5.843132892869E-02
-6.891357482867E-02
-8.076668136309E-02
-9.404331495623E-02
-1.087986343492E-01
-1.250877439678E-01
-1.429624505283E-01
-1.624676728463E-01
-1.836380167260E-01
-2.064967397191E-01
-2.310523607240E-01
-2.573007529576E-01
-2.852252757461E-01
-3.147992321060E-01
-3.459905411857E-01
-3.787595089033E-01
-4.130660841728E-01
-4.488649637553E-01
-4.861131149735E-01
-5.247631202885E-01
-5.647699866174E-01
-6.060839569756E-01
-6.486564722088E-01
-6.924328483227E-01
-7.373565781546E-01
-7.833628448550E-01
-8.303796123933E-01
-8.783221179509E-01
-9.270899473240E-01
-9.765604779240E-01
-1.026581117677E+00
-1.076958584312E+00
-1.127445527584E+00
-1.177726399967E+00
-1.227409485447E+00
-1.276041690784E+00
-1.323172387684E+00
-1.368480799078E+00
-1.411923979780E+00
-1.453800556495E+00
-1.494661693411E+00
-1.535149942025E+00
-1.575845759096E+00
-1.617197681120E+00
-1.659508929579E+00
-1.702953672972E+00
-1.747603473220E+00
-1.793453929605E+00
-1.840447182528E+00
-1.888489483645E+00
-1.937463992884E+00
-1.987238896310E+00
-2.037671073878E+00
-2.088605260218E+00
-2.139867422658E+00
-2.191250805113E+00
-2.242490340350E+00
-2.293214593737E+00
-2.342851787763E+00
-2.390431731149E+00
-2.434048466087E+00
-2.469530618535E+00
-2.487459649502E+00
-2.475681625630E+00
-2.438041618543E+00
-2.387407493221E+00
-2.330914206906E+00
-2.271620788787E+00
-2.210967567324E+00
-2.149741092415E+00
-2.088408796919E+00
-2.027297444711E+00
-1.966647047672E+00
-1.906657131113E+00
-1.847494157970E+00
-1.789316188059E+00
-1.732268305959E+00
-1.676486262010E+00
-1.622093799827E+00
-1.569194090951E+00
-1.517860319137E+00
-1.468120699950E+00
-1.419940325390E+00
-1.373199005834E+00
-1.327666709922E+00
-1.282980905086E+00
-1.238636836161E+00
-1.194012561637E+00
-1.148457033753E+00
-1.101450875339E+00
-1.052754374208E+00
-1.002485461339E+00
-9.509891712668E-01
-8.987088925233E-01
-8.460649765159E-01
-7.934072665406E-01
-7.410082077271E-01
-6.890752157178E-01
-6.377662740357E-01
-5.872028392394E-01
-5.374797493936E-01
-4.886724680813E-01
-4.408422524175E-01
-3.940398102087E-01
-3.483079603578E-01
-3.036835784081E-01
-2.601990390610E-01
-2.178833093705E-01
-1.767627894163E-01
-1.368619693491E-01
-9.820395010292E-02
-6.081085998787E-02
-2.470418914880E-02
1.009494395679E-02
4.356558568606E-02
7.568679644426E-02
1.064375564903E-01
1.357967324888E-01
1.637431119995E-01
1.902555158389E-01
2.153129995477E-01
2.388951554992E-01
2.609825239912E-01
2.815571166391E-01
3.006030434496E-01
3.181072230982E-01
3.340601319260E-01
3.484565356152E-01
3.612961136959E-01
3.725839108028E-01
3.823305209920E-01
3.905519722581E-01
3.972693252145E-01
4.025078763532E-01
4.062964418770E-01
4.086659205012E-01
4.096489311781E-01
4.092777541474E-01
4.075850223716E-01
4.046010223973E-01
4.003555911146E-01
3.948750856036E-01
3.881855257859E-01
3.803091808302E-01
3.712666830975E-01
3.610765866726E-01
3.497554896615E-01
3.373181300153E-01
3.237775523496E-01
3.091452377350E-01
2.934312435340E-01
2.766443216361E-01
2.587920284324E-01
2.398808179588E-01
2.199161228090E-01
1.989024213064E-01
1.768432933099E-01
1.537414652968E-01
1.295988465130E-01
1.044165574820E-01
7.819495251917E-02
5.093363777281E-02
2.263148646263E-02
-6.713346994043E-03
-3.710341216272E-02
-6.854194518386E-02
-1.010328467572E-01
-1.345806533815E-01
-1.691904995912E-01
-2.048680688228E-01
-2.416195304579E-01
-2.794514605244E-01
-3.183707435119E-01
-3.583844527576E-01
-3.994997068787E-01
-4.417234997512E-01
-4.850625015181E-01
-5.295228279983E-01
-5.751097755797E-01
-6.218275180936E-01
-6.696787611285E-01
-7.186643475199E-01
-7.687828050405E-01
-8.200298231796E-01
-8.723976396839E-01
-9.258743082701E-01
-9.804428051008E-01
-1.036079910813E+00
-1.092754811192E+00
-1.150429537661E+00
-1.209050442091E+00
-1.268549157373E+00
-1.328838803740E+00
-1.389801574693E+00
-1.451280799737E+00
-1.513061271453E+00
-1.574840297019E+00
-1.636184327288E+00
-1.696466644594E+00
-1.754806971605E+00
-1.810057113487E+00
-1.861097745558E+00
-1.907367524379E+00
-1.949178628992E+00
-1.987383677183E+00
-2.022859395275E+00
-2.056248702583E+00
-2.087928458255E+00
-2.118056110612E+00
-2.146616813796E+00
-2.173454816581E+00
-2.198293195831E+00
-2.220732860790E+00
-2.240258717420E+00
-2.256251186923E+00
