# Created by Octave 7.3.0, Fri Jan 13 01:04:43 2023 CET <marta@the-jungle>
# name: j
# type: matrix
# rows: 1
# columns: 38
 3 4 5 6 7 8 9 10 11 12 13 14 15 16 17 18 19 20 21 22 23 24 25 26 27 28 29 30 31 32 33 34 35 36 37 38 39 40


# name: exe
# type: matrix
# rows: 1
# columns: 38
 1.9516758918762207 4.3975319862365723 7.5849471092224121 12.725763082504272 17.369102001190186 31.759976863861084 36.04492712020874 50.734728097915649 73.173133134841919 94.362411975860596 111.77539920806885 146.49096012115479 166.49264192581177 194.43227195739746 223.64622902870178 259.20303082466125 291.06859612464905 347.15871787071228 374.553866147995 443.32096195220947 465.77181601524353 560.08659386634827 590.17715096473694 612.71298408508301 702.96455192565918 745.01083016395569 831.63540387153625 970.07620906829834 1091.4752161502838 1034.3585340976715 1102.5883190631866 1124.4846019744873 996.87752318382263 1045.6247990131378 1610.4189391136169 1373.48770403862 1449.5577080249786 1529.3100111484528



# name: objs
# type: matrix
# rows: 1
# columns: 38
 1.3773568731259549 0.89176887847623898 0.7500921670089723 0.69136684869484144 0.66106728197774201 0.64326037841840411 0.63185744399500421 0.62409563569770854 0.6185645287700845 0.61447951922107569 0.61137454703894845 0.60895802937307542 0.60703969142156966 0.60549095025812483 0.60422231042450703 0.60316988804628058 0.6022870720644361 0.60153919605341388 0.60090003724788588 0.60034945896464742 0.59987178804078511 0.59945467620255888 0.59908828694035576 0.59876470558660766 0.59847750513671327 0.59822142248029442 0.597992114046899 0.59778596933754846 0.59759996716898178 0.59743156379469298 0.59727860506511787 0.59713925689639125 0.59701194980819816 0.59689533436748421 0.59678824515234519 0.596689671421609 0.59659873310151201 0.59651466101361139



# name: iters
# type: matrix
# rows: 1
# columns: 38
 25 31 34 38 38 51 45 50 51 53 53 59 58 59 60 63 63 68 72 70 68 76 80 79 85 84 86 84 90 88 90 87 81 85 90 81 84 88


