# Created by Octave 7.3.0, Sat Jan 21 21:23:08 2023 CET <marta@the-jungle>
# name: x2
# type: matrix
# rows: 90
# columns: 1
 0.41510000000000002
 0.41328021353688926
 0.40856935807615091
 0.40267389290637728
 0.39742905161445274
 0.39440529399457475
 0.39457105356485489
 0.39769942364876365
 0.4017893608311463
 0.4037
 0.66869999999999996
 0.67040709449991598
 0.6732956622863705
 0.67237127539661068
 0.66278779863231141
 0.64164583057620905
 0.60929195179309836
 0.57094180275818995
 0.53794059051914545
 0.52459999999999996
 -1.9897
 -1.9672432992307067
 -1.9031884284642917
 -1.8050529972923777
 -1.6811931543998277
 -1.5405543072144505
 -1.3945234328320879
 -1.2596882770196758
 -1.1601838650610032
 -1.1228
 -2.9260451829649176e-24
 -0.032756156335993873
 -0.052039241957295784
 -0.054079131098629989
 -0.040328012156011672
 -0.014099625001792722
 0.017083297266835766
 0.039227364243521669
 0.034391505039366402
 2.1340997160115066e-30
 -1.4895017364925193e-32
 0.030727700998488663
 0.021266519157691868
 -0.037905483173368587
 -0.13459709858401747
 -0.24595832642582527
 -0.33641149167016804
 -0.35389119095818244
 -0.24013062934461904
 3.0294137468595664e-30
 2.3214218890527772e-30
 0.40422061384727903
 0.74876705994819048
 1.017670701146262
 1.2118064709196368
 1.3196927784171548
 1.3088629604653721
 1.1181698441580461
 0.67290957109805916
 2.2725837525778981e-30
 -0.090938210965751554
 -0.077019720094970615
 -0.050202721359684677
 -0.024886637786690795
 -0.00028172465213710632
 0.022595558439741894
 0.041200460773437385
 0.052442442887989202
 0.055372659418268896
 0.054322275982298031
 0.13899553457993771
 0.099802753708723504
 0.026669985195283817
 -0.033786712047914801
 -0.073583523474784557
 -0.086331382870853901
 -0.066673716254382689
 -0.012516839813979646
 0.066650530815625109
 0.11236810815677453
 1.2408731169495488
 1.1023257095298629
 0.82769854872100856
 0.55526384425509279
 0.27659368134137807
 -0.018601810530195193
 -0.34067439478166378
 -0.69331509962099724
 -1.0584096196244333
 -1.2427145997678362


