# Created by Octave 7.3.0, Fri Jan 13 02:12:36 2023 CET <marta@the-jungle>
# name: x3
# type: matrix
# rows: 360
# columns: 1
 0.41556553516453171
 0.41544563612740198
 0.4150949923671084
 0.41453462419966502
 0.41378830759436019
 0.41287950171136439
 0.41183135498829598
 0.41066672263898413
 0.40940818746472663
 0.40807807699318377
 0.40669847117447178
 0.40529119597034602
 0.40387779902835996
 0.40247950417627532
 0.40111714185252451
 0.39981105283661461
 0.39858096254044051
 0.39744582290299629
 0.3964236188040105
 0.39553113569084691
 0.3947836848106408
 0.39419478257805735
 0.39377578134492525
 0.39353544989804107
 0.39347950411247817
 0.39361009197964403
 0.39392524255238293
 0.39441829583626375
 0.39507734118613258
 0.39588470491533417
 0.39681654337678895
 0.39784261473989618
 0.39892631835111847
 0.40002510112057321
 0.4010913298617475
 0.40207371055671759
 0.40291929399472298
 0.40357603913620993
 0.40399581503698129
 0.40414078803213516
 0.66772173376631017
 0.66787030885216825
 0.66829559204806643
 0.66894807233289821
 0.66976733600968741
 0.67068911204097847
 0.67164659283704242
 0.6725716270250458
 0.67339579838467056
 0.67405140434444832
 0.67447234654252486
 0.67459494539595155
 0.6743586906692639
 0.6737069407497851
 0.67258758419920373
 0.67095367812558482
 0.66876407951274952
 0.66598408708596613
 0.66258611217711216
 0.65855039787398961
 0.65386580617917833
 0.64853069187716661
 0.6425538789084605
 0.63595575055173059
 0.62876945685510943
 0.62104222984805912
 0.61283677909553103
 0.60423271520051536
 0.59532791467292823
 0.58623969705175316
 0.57710563509074508
 0.56808376435704244
 0.55935190837733462
 0.55110580199400117
 0.54355569733794928
 0.53692119470844724
 0.53142417445467216
 0.52727992500457366
 0.52468685345869948
 0.52380151854795609
 -1.9895586262396427
 -1.9882652062939057
 -1.9844299030855994
 -1.9781560623859662
 -1.9695583304128923
 -1.9587473833110962
 -1.9458304647037419
 -1.9309118414726272
 -1.9140932134961728
 -1.895474107284582
 -1.8751522785305683
 -1.8532241445052025
 -1.8297852643147761
 -1.8049308830775346
 -1.7787565542697925
 -1.7513588538817004
 -1.7228362000903441
 -1.6932897920277381
 -1.6628246816270396
 -1.6315509929919496
 -1.5995853029868048
 -1.5670521952379191
 -1.5340859967640521
 -1.5008326998347497
 -1.4674520607316177
 -1.4341198506332791
 -1.4010302095337352
 -1.3683980194464438
 -1.3364611665634469
 -1.3054825035806599
 -1.2757512541651448
 -1.2475835260244188
 -1.2213215295665591
 -1.1973310542109932
 -1.1759967587440148
 -1.1577149168031209
 -1.1428834521313382
 -1.131889412833625
 -1.1250944519719819
 -1.1227898819438644
 -1.2014044167748436e-31
 -0.0093521248961204208
 -0.017998088406780136
 -0.025710628653799736
 -0.032502066559979295
 -0.038384792313694266
 -0.043370652085639658
 -0.047470671160688496
 -0.050695072431391264
 -0.053053544348949572
 -0.054555709510588433
 -0.055211756411225832
 -0.055033205063683067
 -0.054033793398921656
 -0.052230467853642867
 -0.04964447538732638
 -0.046302567714255671
 -0.042238324006391867
 -0.037493595714497618
 -0.032120087112264301
 -0.026181081543813073
 -0.019753292597694105
 -0.012928803586608749
 -0.0058170492703575813
 0.0014532779964485103
 0.0087325756424900813
 0.015849169031145277
 0.022608987111559287
 0.02879655017821087
 0.034177820699508747
 0.038505579293963907
 0.041527987028397349
 0.043000894646946904
 0.04270416137052524
 0.040461680441063554
 0.036164013766606246
 0.029791494397817527
 0.021434626638160519
 0.011307893622004798
 -2.3392913768463853e-30
 -1.589244560037668e-30
 0.011588856696933407
 0.021583232583125032
 0.029310229633753501
 0.034592337155809283
 0.037306193284893194
 0.037377308808085159
 0.034775357856180085
 0.029510008194546279
 0.021627256668130299
 0.011206234781843606
 -0.0016435242145640279
 -0.016784344467072471
 -0.03405214925227721
 -0.053257661693072417
 -0.074187012049196338
 -0.096601679751966388
 -0.12023772953712876
 -0.144804313353492
 -0.16998140229006359
 -0.19541674990520747
 -0.22072216565170338
 -0.24546924590738503
 -0.26918476591755214
 -0.29134614241889462
 -0.31137756413102397
 -0.32864759456616605
 -0.34246938924506226
 -0.35210505190673291
 -0.35677592254491935
 -0.35568091041370598
 -0.34802500681510773
 -0.33305975960210166
 -0.31013653829789722
 -0.27877162487416696
 -0.23871958022697456
 -0.19004799956749394
 -0.1332034575401907
 -0.069056123037987013
 -1.7068834470546397e-30
 -9.8188872035235069e-32
 0.10088675576748206
 0.19826689448040966
 0.29109268009097061
 0.37953041380880137
 0.46372346013130045
 0.54379619124233125
 0.61985642078461112
 0.69199656137883736
 0.76029372312524179
 0.82480891968782921
 0.88558553429070064
 0.94264712056255806
 0.99599461594228855
 1.0456030310615931
 1.0914175992095847
 1.1333493965162178
 1.171270432367044
 1.2050081788874465
 1.2343395346495623
 1.2589842857517479
 1.2785981186613369
 1.2927653623002655
 1.3009917981853265
 1.302698051858957
 1.2972143358114681
 1.2837776699529555
 1.2615331568557788
 1.2295413680179816
 1.1867943446393943
 1.1322431097707979
 1.0648396852058191
 0.98359603850722921
 0.88766103922693262
 0.77641400719736742
 0.64956966419236972
 0.50728458020666001
 0.35025048501499789
 0.17975646219315825
 3.090051208062378e-30
 -0.100127502948994
 -0.096617607138333908
 -0.089741043656271585
 -0.083134472910016716
 -0.076757820359488471
 -0.070573014537745116
 -0.064544703030026934
 -0.058640923185091835
 -0.052833463851230486
 -0.047098439843448296
 -0.041416422443911492
 -0.035772635085568549
 -0.030157161228806649
 -0.024564690350721449
 -0.018994682487384326
 -0.013451475932362286
 -0.0079435459911773622
 -0.0024842290419253938
 0.0029090189074454848
 0.0082143786975133592
 0.013406238420248273
 0.018455122664579639
 0.023328029398882365
 0.027989348677283359
 0.032401098533474774
 0.036524140497755923
 0.04031898806361503
 0.043747934112057373
 0.046777006796187549
 0.049378148160501817
 0.051532621901083799
 0.053233592088177024
 0.054490120577457717
 0.055329530114676839
 0.055800167250909381
 0.055971513299088546
 0.055932849148169032
 0.05578954682873781
 0.055655489688401234
 0.055597854831200298
 0.15451546143683387
 0.14646817660994049
 0.13022121060959357
 0.1137292800140252
 0.097159820801943658
 0.080666564992675563
 0.06439102515678978
 0.048463431591258377
 0.033004299345598224
 0.018125116664870451
 0.0039294995376855275
 -0.0094862222296905278
 -0.022032117660863205
 -0.033623728458293964
 -0.044181482880362173
 -0.053630031432999374
 -0.061897003583976914
 -0.068912857069002992
 -0.074610073960642648
 -0.078922846439473865
 -0.081786472053339165
 -0.083137973866619766
 -0.082916693818590126
 -0.081064877728402082
 -0.077530230459310817
 -0.072268612970039517
 -0.065248176378132863
 -0.056454368708796401
 -0.045897313312572803
 -0.033619483407176472
 -0.019705952958321622
 -0.0042940870267352532
 0.012415432255288759
 0.030150082067064359
 0.048559295499848838
 0.067213767165147487
 0.085612003243630691
 0.10319695342395667
 0.11938091116585482
 0.12707378864988547
 1.2935993077324057
 1.2620235896856977
 1.1992284107446878
 1.1371032121456657
 1.0755431896066441
 1.0144554396155683
 0.95375504248503884
 0.89336123247714816
 0.83319457627332405
 0.77317461874078897
 0.71321804380919418
 0.65323771386363805
 0.59314102531492741
 0.53282994145197893
 0.47220050069416231
 0.41114262249397637
 0.34954058913147357
 0.28727364021386165
 0.22421663145348208
 0.16024133602365498
 0.095218724801806071
 0.02902053965680549
 -0.038477202785589637
 -0.10739028230185721
 -0.17782086675770997
 -0.24985139447657978
 -0.32353619231624986
 -0.39889153968026225
 -0.47588350999525492
 -0.55441465136483237
 -0.63430846997677315
 -0.71529321661609391
 -0.79698687514100197
 -0.87888434971737717
 -0.96035010588145608
 -1.0406195056844465
 -1.1188123282890354
 -1.1939599740911067
 -1.2650485689888686
 -1.2994833356077724


