# Created by Octave 7.3.0, Sat Jan 21 21:25:48 2023 CET <marta@the-jungle>
# name: x
# type: matrix
# rows: 45
# columns: 1
 0.41510000000000002
 0.40862391907099321
 0.39899884970096838
 0.39977493062997516
 0.4037
 0.66869999999999996
 0.66771576641210961
 0.6393778675146089
 0.5683121011024993
 0.52459999999999996
 -1.9897
 -1.881276475836273
 -1.5983811961658205
 -1.2733547203295474
 -1.1228
 1.1056146911291845e-30
 -0.051808647432054489
 -0.025191907528144354
 0.031400554960198758
 -3.4397244223705303e-30
 4.2863978324768698e-31
 -0.0078738687031230988
 -0.21882932247688208
 -0.34969680881999482
 3.0059876956176793e-30
 -1.4232738898061303e-30
 0.86738819330981576
 1.3957740440538049
 1.2044377626363796
 -4.5671645433317191e-23
 -0.082608500965438064
 -0.049566728085927041
 0.014944935061022692
 0.05334845063159098
 0.050581620584729453
 0.13984244923408359
 0.027680116068409834
 -0.097521655177810709
 -0.027735131144618085
 0.10387127970477689
 1.2652516269517105
 0.90055105240152356
 0.14809470921952153
 -0.72563607915654149
 -1.2683035097885698


