# Created by Octave 7.3.0, Fri Jan 27 23:13:50 2023 CET <marta@the-jungle>
# name: x
# type: matrix
# rows: 144
# columns: 1
 0.41537441262519331
 0.41464463894113224
 0.41261382770537774
 0.40964687419948365
 0.40615007289442606
 0.4025166607791521
 0.39912383655183103
 0.39632287576044128
 0.39441974832058957
 0.39364371761084299
 0.39410190296350167
 0.39572104510778827
 0.3981874884067878
 0.40091573378360124
 0.40309840264268493
 0.40394187923070746
 0.66811560039720175
 0.66893402771522226
 0.67095647028858829
 0.67315000231787825
 0.67431654921384587
 0.67331634630326886
 0.66916629493298885
 0.66112434987404234
 0.64877258757333001
 0.63211330041617564
 0.61169081988600382
 0.58874001175725688
 0.56532933500859428
 0.54440295540523476
 0.52955354879178884
 0.52412482420932327
 -1.9896318002677471
 -1.9812581687178652
 -1.9568795478239476
 -1.9181806162398094
 -1.8669896142067082
 -1.8050482433881114
 -1.7340721667120993
 -1.6558327199984648
 -1.5722723075390499
 -1.4856647090273001
 -1.3988275910413634
 -1.3153781752224507
 -1.2399779821094914
 -1.1784254113863626
 -1.1373548671937028
 -1.1228038655597423
 -3.4325380718048896e-31
 -0.021893210521832549
 -0.039031126550801827
 -0.049977478626020803
 -0.054926560525706804
 -0.054075802932512206
 -0.047708923887119482
 -0.036319899854574317
 -0.020773923340976708
 -0.0025069979514207516
 0.016252558531180884
 0.032321705797417645
 0.041671593172567856
 0.040175768131835939
 0.025304297640674881
 1.3359926840688303e-30
 -5.0094738778984832e-32
 0.024552819540619195
 0.036120457660359713
 0.029685503218339595
 0.0053109036606893822
 -0.035316990977999375
 -0.089184550130401816
 -0.15207380163799453
 -0.21847906738337258
 -0.2812995473312595
 -0.3313748685738977
 -0.35714937528850671
 -0.34517092717137432
 -0.28262046092941046
 -0.16286173747396729
 -9.7530912025221365e-31
 1.5553439375444214e-30
 0.25120894649645342
 0.48014968032108374
 0.68081826720305261
 0.85491179378998561
 1.0033293307679156
 1.1259529695124546
 1.2212304318965757
 1.2855819418858743
 1.31264601346662
 1.2924675261114835
 1.2110149484558954
 1.0509908449328866
 0.79558627676097771
 0.43653004901881393
 -2.3451569667365787e-30
 -0.096007020827944919
 -0.087303839286349383
 -0.070548947260133082
 -0.05486968047538851
 -0.0397564993068764
 -0.024906625686736621
 -0.010240245568823409
 0.0041023729544095106
 0.01777396131303632
 0.030244667644426283
 0.040854302960433513
 0.048927518988039029
 0.053994409895503137
 0.056121452023815327
 0.056219544250345692
 0.055818736740784754
 0.14524485766067233
 0.12314777026857593
 0.079399188964669867
 0.037264837769312359
 -0.0010655375982283959
 -0.033788239486679542
 -0.059383213096303379
 -0.076521385123737434
 -0.083986931925944877
 -0.080651234776148578
 -0.06557407658623414
 -0.038351275867862716
 0.00016758582183809924
 0.046815531786215364
 0.095185464493995495
 0.11922222769962117
 1.2608656362687467
 1.1789927401318792
 1.0168168583211021
 0.85728526950363404
 0.69892548137340149
 0.54017697443815416
 0.3792455517851161
 0.21407123061033489
 0.042396447640454332
 -0.13803526367392849
 -0.32906265313632044
 -0.53132598787813246
 -0.74298101751867196
 -0.95800506348547376
 -1.1648903501543497
 -1.2650778178835047


