# Created by Octave 7.3.0, Fri Jan 27 23:35:43 2023 CET <marta@the-jungle>
# name: x
# type: matrix
# rows: 144
# columns: 1
 -0.3790082140458283
 -0.37348554289532537
 -0.35654743456443544
 -0.32865624216356654
 -0.28918186624194042
 -0.23794202753083438
 -0.180105927871443
 -0.12034296950382734
 -0.058594929749834601
 0.0069654789063511571
 0.077234996075378412
 0.14682363603835757
 0.20693567600045906
 0.2544891966284919
 0.28628469834332348
 0.29733915097788993
 1.8706731970084536
 1.862498192550234
 1.8373460367265912
 1.7952058012823957
 1.7336247196841983
 1.6509994067438996
 1.5552114222137154
 1.4538986736421395
 1.346754908118158
 1.2304515134310283
 1.1029468413635599
 0.97416595731074251
 0.86145042837466812
 0.77116762965428209
 0.7100892647563799
 0.68874609025354494
 -1.6188793321355035
 -1.6138754490181739
 -1.5984256731252748
 -1.5725091498243071
 -1.5391161018215032
 -1.5009276941345462
 -1.4570149559288181
 -1.4073055766024567
 -1.3547690770794787
 -1.3034156131735821
 -1.2552782655021122
 -1.2103872039492023
 -1.1705109764750428
 -1.1387026887359699
 -1.1192069863809488
 -1.1132766538853838
 -2.1389720862149227e-25
 0.16568013451509006
 0.34246311541160773
 0.49427265661446418
 0.68995862103434025
 0.84723654029883866
 0.8878464494828896
 0.90504230154558163
 0.94739889107420006
 1.0194133686113969
 1.088672146459388
 0.99898705242997887
 0.80437414643306682
 0.62223147240792809
 0.33163357903699298
 -3.3107741195347056e-26
 -1.6345740997805317e-25
 -0.24525013374658503
 -0.50931454096270368
 -0.75489252236317017
 -1.0925399255827559
 -1.3862194626262969
 -1.4874200732791969
 -1.5519623838680674
 -1.6623505818514637
 -1.8267512587623902
 -1.9983889032615829
 -1.8650376183228843
 -1.5164282497594708
 -1.192055711851971
 -0.64029523508505071
 -6.8560741731901864e-25
 3.2445104820895045e-26
 0.15011649351988118
 0.31337678326709317
 0.46411891576192904
 0.53767252432224244
 0.60797970628646369
 0.70940243988538199
 0.781878939905432
 0.79421604578386484
 0.74638787139302587
 0.69773255875105467
 0.64899928783624405
 0.54728753638853733
 0.40696109578368522
 0.17790997486695539
 4.2970445392339241e-25
 4.4863688197275344
 6.9802620979254586
 5.3976067900191769
 4.8587090858322641
 4.5044888892682735
 2.4315773500072155
 0.66598375283315392
 0.29359771598226347
 -0.62259318081121884
 -1.0573036845671466
 -2.3965436222005958
 -4.4656051409146418
 -4.7858909183161753
 -5.4519963091900676
 -6.9414722404984923
 -3.3180009896215603
 -0.64071713697899813
 -1.5461445778080731
 -0.59262958862107162
 -1.4709867677855322
 -2.697594344175311
 -0.53832364594717275
 0.98652341199092763
 -0.24220939750275741
 -0.33821300597642578
 -1.3852429249847134
 -0.88104458434689248
 1.1014680314081218
 -0.16304658885503237
 -0.83187157743530837
 -0.011757025549941099
 0.65833637489541463
 1.376896532859516
 1.7906173511757781
 1.5893917750012383
 1.2078576818529314
 0.89886791045824066
 0.54065738433262145
 0.16767970769427851
 -0.093309036665793224
 -0.45980366660793948
 -0.81218311427600431
 -0.93426657595490126
 -1.1138155451512768
 -1.1223469018765078
 -1.1193402425545809
 -1.1726010248584122
 -0.1057836015869639


