# Created by Octave 7.3.0, Fri Jan 27 21:47:24 2023 CET <marta@the-jungle>
# name: x
# type: matrix
# rows: 126
# columns: 1
 -8.0647893802248519e-29
 -0.016433173396881311
 -0.061098872399762354
 -0.12193497026602923
 -0.18297257407032236
 -0.22788185899363297
 -0.24343745110625323
 -0.22149330044471655
 -0.15903145938662575
 -0.057343392736265424
 0.079010804850449368
 0.24327643458495304
 0.42743992725953495
 0.62289515460077338
 0.82085440586154068
 1.0125865335103814
 1.1894982264456189
 1.3429938836301438
 1.4641073198054186
 1.543103180168321
 1.5707963267948966
 -9.2105413061255317e-29
 0.06148780896093442
 0.23416622169733109
 0.4885651827759393
 0.78821848237921199
 1.0982932886417525
 1.3918400520575867
 1.6516484852450066
 1.868011584133686
 2.0358687549977565
 2.1530647399092251
 2.2195791767952882
 2.2372336258571055
 2.2096517859540676
 2.1424459937047686
 2.0436149654051659
 1.9240629756394472
 1.7980729719171704
 1.6834780029807939
 1.6011374210635205
 1.5707963267948966
 3.6790046477165621e-28
 -0.65732693587525437
 -1.1293010242399906
 -1.3041428904106853
 -1.1373612617610365
 -0.65901013517138873
 0.036786450666578041
 0.84097957579488825
 1.6574940665287419
 2.4100285994856701
 3.0441393039829157
 3.5264858853972552
 3.8400538215860318
 3.9781552720635087
 3.9402147783671793
 3.7290703275864532
 3.3473973898230587
 2.7924288975579112
 2.052108549453072
 1.1077258650630186
 -6.5556121101897467e-28
 -9.8770183327123841e-28
 2.4595123584373759
 4.4476241510185046
 5.7283342921259175
 6.2577976920048384
 6.1451945584967484
 5.5966759781365685
 4.7956613493601923
 3.858862606186964
 2.8554242283758229
 1.8324151680828928
 0.82816230735964114
 -0.12198434488694156
 -0.9812892512345831
 -1.7069424387373577
 -2.2462986932467595
 -2.5357808973819638
 -2.5038192515090896
 -2.0799795059460076
 -1.2136437707449503
 -1.3214815366600484e-27
 27.056820059718781
 26.682715326119791
 26.025629702621487
 25.528203453928306
 25.004627070252575
 24.080541448547837
 22.428382547774508
 19.884050248655566
 16.435577053160781
 12.181316508494515
 7.2814223286298381
 1.9083362119348035
 -3.7863532262754753
 -9.6801467722245942
 -15.673219749456903
 -21.684558371057523
 -27.658059714995623
 -33.572528464298905
 -39.43989733527836
 -45.284699202863109
 -48.201689686672005
 40.192990980614418
 36.794395829948101
 29.838907446786397
 22.607260314205952
 15.400762559683303
 8.7462986871361696
 2.9936949677584166
 -1.771770784939696
 -5.5942618303764551
 -8.5453580916756824
 -10.694013538932262
 -12.099285506013262
 -12.800503949414615
 -12.808575110383028
 -12.107272746158371
 -10.668573910635406
 -8.4767947868643514
 -5.5545704244375091
 -1.9875586079372281
 2.0511311856989503
 4.1769919176846626


